RSID CHR POS P_JIA P_T1D V UNIQUE_TO_PVAL
rs10027390 4 123587966 3e-10 0.0608825628619336 2.89240394167571e-10 FALSE
rs10038651 5 96346167 1.19e-08 0.228417248442015 1.29642694885209e-08 FALSE
rs10044354 5 96346251 1.19e-08 0.247571494560407 1.33722999553857e-08 FALSE
rs10051637 5 96305246 1.07e-08 0.247571494560407 1.18419960925069e-08 FALSE
rs10058476 5 96323283 2.6e-08 0.228417248442015 3.29911299662927e-08 FALSE
rs10065637 5 55474608 7.69e-11 0.0286004994206945 7.55829224159584e-11 FALSE
rs10168266 2 191644049 2.44e-11 0.00968323110214482 2.40995098919673e-11 FALSE
rs10174238 2 191681279 1.28e-13 0.00409225696792275 1.28191254982676e-13 FALSE
rs10181656 2 191678124 1.55e-13 0.00313503622312691 1.55221923543907e-13 FALSE
rs10212786 4 123722942 5e-10 0.106785678757662 4.80634909624036e-10 FALSE
rs10460003 18 12737012 2.61e-08 9.95415378507952e-07 1.04703322060585e-08 FALSE
rs1046395 5 96298936 1.28e-08 0.281517612165104 1.54036387652848e-08 FALSE
rs10476696 5 96345363 1.19e-08 0.247571494560407 1.33722999553857e-08 FALSE
rs10745339 1 113889939 4e-10 3.79032884153059e-36 3.49060744854525e-10 FALSE
rs10745340 1 114238493 3.2e-09 1.55298252035538e-28 1.95723290629271e-09 FALSE
rs10774625 12 110394602 1.6e-08 1.08575416313826e-34 7.74006917825625e-09 FALSE
rs10776775 1 114238005 1.9e-09 5.26925328130432e-29 1.30573291309745e-09 FALSE
rs10858000 1 113877319 3e-10 3.79032884153059e-36 2.66554046171084e-10 FALSE
rs10858007 1 113920760 5e-10 2.18336421628919e-36 4.25519231687315e-10 FALSE
rs10858008 1 113921143 1.5e-09 3.37814841823223e-35 1.09131656678315e-09 FALSE
rs10858011 1 113950444 9.1e-11 2.35896447384384e-37 8.64571353188793e-11 FALSE
rs10858017 1 114089425 1e-10 1.98886458102417e-43 9.45918255117392e-11 FALSE
rs10858018 1 114113291 3.52e-11 3.64025769158821e-43 3.42207971617869e-11 FALSE
rs10858022 1 114247864 4e-09 1.55298252035538e-28 2.3091329876923e-09 FALSE
rs11065987 12 110556807 2.04e-08 1.31219861417109e-27 9.05598932429871e-09 FALSE
rs11089629 22 20288872 4.77e-08 0.0136043786537032 2.58829113459914e-08 FALSE
rs11102648 1 113877958 3e-10 2.92119585515668e-34 2.66696130027168e-10 FALSE
rs11102649 1 113878069 1.57e-08 1.99984103089804e-30 5.84081601607918e-09 FALSE
rs11102652 1 113895809 2e-10 6.56761159230866e-36 1.82169450462073e-10 FALSE
rs11102661 1 113962281 3.65e-11 5.90321227499519e-44 3.54640405142471e-11 FALSE
rs11102671 1 114036902 2.49e-08 2.22437395928411e-27 7.44692850518961e-09 FALSE
rs11102691 1 114222836 1.18e-12 5.66164701865325e-52 1.17662360162761e-12 FALSE
rs11102701 1 114251352 5.68e-15 4.13365300383701e-50 5.68851922574336e-15 FALSE
rs11256611 10 6162388 3.69e-08 6.21994883788621e-19 1.29066199710891e-08 FALSE
rs11265608 1 152630764 2.75e-08 0.0933090891376493 2.48096817540438e-08 FALSE
rs1146182 1 113998406 2e-10 1.21261546305931e-42 1.82057368497494e-10 FALSE
rs1146187 1 114014094 2e-10 1.21261546305931e-42 1.82057368497494e-10 FALSE
rs11552449 1 114249912 1.39e-15 1.83120388602978e-52 1.39212751499776e-15 FALSE
rs115616732 1 114227116 2e-09 1.7714554404281e-29 1.35873524570582e-09 FALSE
rs11575812 4 123590499 2e-10 0.0739102718099587 1.95043568504681e-10 FALSE
rs11663253 18 12779556 7.49e-12 4.26890876504878e-13 7.42503279344890e-12 FALSE
rs11736927 4 123629702 1e-10 0.106785678757662 9.88654897354831e-11 FALSE
rs11875687 18 12833137 3.4e-11 5.6526229319217e-13 3.28204392631619e-11 FALSE
rs11889341 2 191651987 1.59e-13 0.0020769534905167 1.59225381340538e-13 FALSE
rs11893432 2 191630119 3e-10 0.0151930563813995 2.87783966525287e-10 FALSE
rs11938795 4 123292459 3.3e-09 0.00988849466107614 2.53162436544317e-09 FALSE
rs12035317 1 113897620 8e-10 3.37814841823223e-35 6.44923706823278e-10 FALSE
rs12037873 1 113895357 3e-10 7.20384328608373e-37 2.66554046171084e-10 FALSE
rs12041547 1 114117743 1e-10 3.94325150250622e-49 9.44882584564931e-11 FALSE
rs12061482 1 114076960 7.53e-11 3.64025769158821e-43 7.20242429760041e-11 FALSE
rs12063216 1 114078853 5.84e-11 3.64025769158821e-43 5.63497946263347e-11 FALSE
rs12074958 1 113896862 7e-10 1.96068733867688e-35 5.73202797782774e-10 FALSE
rs12077419 1 113908446 3e-10 7.20384328608373e-37 2.66554046171084e-10 FALSE
rs1217193 1 113964142 7e-10 2.20692316620517e-42 5.72545577184442e-10 FALSE
rs1217200 1 113962639 4.91e-11 1.21261546305931e-42 4.76054395133719e-11 FALSE
rs1217201 1 113925296 2e-10 1.25532252439151e-36 1.82169450462073e-10 FALSE
rs1217203 1 113926782 1e-10 7.20384328608373e-37 9.46528355134422e-11 FALSE
rs1217204 1 113927743 8.44e-11 7.66650388516917e-38 8.0426660365885e-11 FALSE
rs1217210 1 113975323 2e-10 2.20692316620517e-42 1.82102193447836e-10 FALSE
rs1217211 1 113951315 3e-10 4.35817651421498e-38 2.66459382899358e-10 FALSE
rs1217228 1 113940882 2e-10 4.12622551628912e-37 1.82169450462073e-10 FALSE
rs1217233 1 113937231 8.91e-11 4.12622551628912e-37 8.47375569216215e-11 FALSE
rs1217235 1 113936500 8e-10 4.35817651421498e-38 6.44368821007006e-10 FALSE
rs1217236 1 113934235 2e-10 7.20384328608373e-37 1.82169450462073e-10 FALSE
rs1217237 1 113933263 9.14e-11 7.66650388516917e-38 8.68087558128936e-11 FALSE
rs1217380 1 114144859 3.82e-11 1.98886458102417e-43 3.709349881089e-11 FALSE
rs1217385 1 114219728 5.7e-09 3.00782277373643e-26 2.97662478889942e-09 FALSE
rs1217388 1 114165999 4.26e-11 1.98886458102417e-43 4.13584780561025e-11 FALSE
rs1217389 1 114167275 4.74e-11 1.98886458102417e-43 4.59939487322672e-11 FALSE
rs1217391 1 114235699 1.8e-09 3.0587209230004e-29 1.25086269189208e-09 FALSE
rs1217392 1 114235493 1.5e-09 3.0587209230004e-29 1.078018137147e-09 FALSE
rs1217395 1 114175958 6.71e-11 1.21261546305931e-42 6.4467238470919e-11 FALSE
rs1217396 1 114139759 5.5e-11 1.98886458102417e-43 5.31778646122625e-11 FALSE
rs1217407 1 114195271 2.25e-11 3.64025769158821e-43 2.20567030620663e-11 FALSE
rs1217412 1 114158734 2.71e-11 1.98886458102417e-43 2.64814128857263e-11 FALSE
rs1217413 1 114159273 7.04e-11 1.08104712996113e-49 6.74741620620453e-11 FALSE
rs1217421 1 114204369 2.2e-09 1.98886458102417e-43 1.50944320443054e-09 FALSE
rs1230640 1 114068870 2e-10 6.65025169099183e-43 1.81990169853099e-10 FALSE
rs1230647 1 114055162 1e-10 3.64025769158821e-43 9.45918255117392e-11 FALSE
rs1230649 1 114045700 1e-10 3.64025769158821e-43 9.45918255117392e-11 FALSE
rs1230658 1 114019974 1e-10 1.21261546305931e-42 9.46223240326083e-11 FALSE
rs1230659 1 114019784 2e-10 1.21261546305931e-42 1.82057368497494e-10 FALSE
rs1230661 1 113987113 2e-10 1.42750755902492e-48 1.81721638200867e-10 FALSE
rs1230682 1 114095049 2.43e-08 2.22437395928411e-27 7.34201874425453e-09 FALSE
rs1230685 1 114094067 6.85e-11 1.98886458102417e-43 6.57625423097532e-11 FALSE
rs1230687 1 114092482 1e-10 3.64025769158821e-43 9.45918255117392e-11 FALSE
rs1235005 1 114218960 6.2e-09 1.39599588918623e-25 3.16533885629752e-09 FALSE
rs1235687 1 113927630 7.13e-11 7.20384328608373e-37 6.83848774989616e-11 FALSE
rs1237289 1 113949388 2e-10 7.20384328608373e-37 1.82169450462073e-10 FALSE
rs12434551 14 68323117 1.59e-08 0.00805439231295367 9.70343220394767e-09 FALSE
rs12484550 22 20271915 8.9e-09 0.0068029815512268 6.00944825715949e-09 FALSE
rs12565589 1 113966031 1e-10 2.20692316620517e-42 9.46345271898057e-11 FALSE
rs12566340 1 114221851 1.04e-12 5.64426549837356e-50 1.03759660514119e-12 FALSE
rs12642902 4 123727951 2.68e-08 0.359992726920187 4.54830397327544e-08 FALSE
rs12722495 10 6137289 1.5e-09 1.63441404061841e-29 1.24408266397214e-09 FALSE
rs12722496 10 6136673 1.3e-09 8.84905847065122e-30 1.09785062451659e-09 FALSE
rs12722508 10 6128749 2.1e-09 4.53506196333949e-28 1.66166367017831e-09 FALSE
rs12722558 10 6110282 4.29e-08 4.26662044354543e-23 1.4067646322177e-08 FALSE
rs12722563 10 6109567 1.78e-08 4.26662044354543e-23 8.19860929537632e-09 FALSE
rs12955302 18 12854762 3.78e-08 1.51264434859794e-11 1.19796384336855e-08 FALSE
rs12968719 18 12869466 2.68e-08 4.79495345073941e-11 9.81696555228367e-09 FALSE
rs12971201 18 12820538 8.2e-09 1.4194270997381e-12 4.57410238570334e-09 FALSE
rs13114358 4 123343777 5e-10 0.0077465696976894 4.63827802961554e-10 FALSE
rs13114649 4 123424593 3.2e-09 0.00603016060039889 2.43623810509775e-09 FALSE
rs13114759 4 123484539 8e-10 0.00684013593493984 7.15678449416463e-10 FALSE
rs13119119 4 123458414 1.7e-09 0.00603016060039889 1.40578594888283e-09 FALSE
rs13122023 4 123550766 2e-10 0.0739102718099587 1.95043568504681e-10 FALSE
rs13137682 4 123427799 1.2e-09 0.00684013593493984 1.0368715257672e-09 FALSE
rs13143416 4 123331368 1.3e-09 0.00684013593493984 1.11314874081581e-09 FALSE
rs13143866 4 123760208 2.1e-09 0.222273395916923 2.07516508746109e-09 FALSE
rs13144509 4 123692937 6e-10 0.0976408413534896 5.71698673485409e-10 FALSE
rs13145929 4 123571651 2e-10 0.0739102718099587 1.95043568504681e-10 FALSE
rs13151966 4 123429953 6e-10 0.00684013593493984 5.49344490827412e-10 FALSE
rs131665 22 20250903 4.69e-08 0.0086207280507067 2.38042722579513e-08 FALSE
rs13426947 2 191641499 3e-10 0.00968323110214482 2.87175447128811e-10 FALSE
rs1343125 1 113912559 7e-10 1.13584202749421e-35 5.73202797782774e-10 FALSE
rs1343128 1 113909775 2e-10 7.20384328608373e-37 1.82169450462073e-10 FALSE
rs1363974 5 96319572 1.22e-08 0.247571494560407 1.37695872691979e-08 FALSE
rs140489 22 20251294 3.14e-08 0.0108609409793517 1.73449368510865e-08 FALSE
rs140492 22 20253144 3.07e-08 0.0108609409793517 1.70607971727915e-08 FALSE
rs1423357 5 96324514 1.28e-08 0.228417248442015 1.41047906476186e-08 FALSE
rs1423566 5 96299523 1.07e-08 0.247571494560407 1.18419960925069e-08 FALSE
rs1479924 4 123607050 6.23e-11 0.0671366876927684 6.15437656382378e-11 FALSE
rs1512973 4 123725506 2.08e-08 0.410029878336626 3.52392488342472e-08 FALSE
rs1559267 5 96329454 4.7e-08 0.359992726920187 9.32169990541654e-08 FALSE
rs1599971 1 114178616 3.01e-11 1.98886458102417e-43 2.93559663935614e-11 FALSE
rs16833214 2 191621887 5.6e-09 0.0188671244959559 4.2835538177118e-09 FALSE
rs16939895 18 12811903 5e-11 5.6526229319217e-13 4.81381114533087e-11 FALSE
rs17013326 1 113890839 4e-10 3.79032884153059e-36 3.49060744854525e-10 FALSE
rs17031716 1 113953370 7e-10 2.6717821544998e-38 5.72764523848678e-10 FALSE
rs17032011 1 114276873 3.32e-08 1.13482347722144e-33 9.19665681978378e-09 FALSE
rs1743605 1 114008837 2e-10 2.20692316620517e-42 1.82102193447836e-10 FALSE
rs17630235 12 111076069 3.11e-08 1.06864515960687e-26 1.17809329800513e-08 FALSE
rs1777234 1 113972360 2e-10 6.65025169099183e-43 1.81990169853099e-10 FALSE
rs1777237 1 113988894 1e-10 4.00894818739978e-42 9.46406293457208e-11 FALSE
rs1777238 1 113992696 9.9e-11 6.65025169099183e-43 9.36812758170028e-11 FALSE
rs181362 22 20262068 3.96e-08 0.0121642837020905 2.14047375783596e-08 FALSE
rs181363 22 20262264 4.5e-08 0.00968323110214482 2.31693393761077e-08 FALSE
rs181366 22 20263780 4.94e-08 0.0086207280507067 2.50182136696732e-08 FALSE
rs1893217 18 12799340 7.34e-12 2.42430731337975e-13 7.27783180032633e-12 FALSE
rs1936398 1 114047976 1e-10 3.64025769158821e-43 9.45918255117392e-11 FALSE
rs1981319 1 114069168 9.95e-11 6.65025169099183e-43 9.41422001067237e-11 FALSE
rs1996077 4 123729236 2.41e-08 0.410029878336626 4.31733520705831e-08 FALSE
rs2069776 4 123591426 2e-10 0.0671366876927684 1.94939461496112e-10 FALSE
rs2070512 22 20279411 4.32e-08 0.0108609409793517 2.27448198048958e-08 FALSE
rs2070721 5 131853741 1.61e-08 0.00281705729551236 9.58558050944207e-09 FALSE
rs2070729 5 131847820 1.95e-08 0.00240373139730014 1.11118645962021e-08 FALSE
rs2175679 4 123743075 2.2e-08 0.410029878336626 3.79690299769871e-08 FALSE
rs2185971 1 114021828 3.27e-08 3.76197717367469e-27 8.71333564613672e-09 FALSE
rs2188962 5 131798704 3.89e-08 0.00805439231295367 2.03028667278209e-08 FALSE
rs2256609 22 20255017 2.8e-08 0.00766367891116696 1.5264761565355e-08 FALSE
rs2257036 1 114191158 4.4e-11 1.98886458102417e-43 4.2713009987246e-11 FALSE
rs2266959 22 20252904 6.2e-09 0.00766367891116696 4.45383836945274e-09 FALSE
rs2266961 22 20258597 1.18e-08 0.00603016060039889 7.51104727753695e-09 FALSE
rs2266963 22 20277467 1.5e-08 0.0118260738770682 9.47027950688873e-09 FALSE
rs2273758 1 114082240 4.04e-08 1.31219861417109e-27 9.85608617526982e-09 FALSE
rs2284033 22 35863980 1.55e-08 0.00447622816548051 9.2717944727797e-09 FALSE
rs228957 22 35863732 3.14e-08 0.00927891097227909 1.71275211024555e-08 FALSE
rs2295853 1 114055415 9.51e-11 6.65025169099183e-43 9.01189041256606e-11 FALSE
rs2351010 5 96319685 8.9e-09 0.247571494560407 9.57450090942399e-09 FALSE
rs2358816 1 114220891 6.01e-12 4.86711176588903e-54 5.96121388230681e-12 FALSE
rs2358994 1 114230984 1.04e-14 4.13365300383701e-50 1.04147206271651e-14 FALSE
rs2358995 1 114231038 1.96e-14 7.48893742634408e-50 1.96239396352576e-14 FALSE
rs2359167 1 114101039 2e-10 3.94325150250622e-49 1.81565257132611e-10 FALSE
rs2476601 1 114179091 7e-25 4.06278630620498e-103 7.00483840260584e-25 FALSE
rs2488457 1 114216891 2.01e-12 2.28511006082669e-52 2.00111816698565e-12 FALSE
rs2488458 1 114207974 3.61e-11 3.64025769158821e-43 3.5084418636904e-11 FALSE
rs2542150 18 12769763 5.1e-12 7.47415887186842e-13 5.07060698560708e-12 FALSE
rs2542151 18 12769947 3.14e-12 7.47415887186842e-13 3.1310917997778e-12 FALSE
rs2548998 5 131860413 2.48e-08 0.00603016060039891 1.4142943172404e-08 FALSE
rs2617447 5 96293411 4.78e-08 0.210342641208489 6.39818232432804e-08 FALSE
rs27290 5 96375844 7.5e-09 0.267822818023116 8.13889046330069e-09 FALSE
rs27292 5 96382736 3.04e-08 0.440798556449765 6.26560789100019e-08 FALSE
rs27295 5 96384443 4.97e-08 0.210342641208489 6.68682229604625e-08 FALSE
rs27300 5 96389163 1.65e-08 0.247571494560407 1.94540357169508e-08 FALSE
rs27306 5 96360314 2.35e-08 0.24214149435793 2.98075651179604e-08 FALSE
rs27307 5 96364261 2.4e-08 0.228417248442015 2.98509313385508e-08 FALSE
rs27436 5 96356722 1.94e-08 0.228417248442015 2.29440783869232e-08 FALSE
rs27659 5 96369308 3.02e-08 0.193326353256855 3.59998293919093e-08 FALSE
rs27660 5 96373531 3.5e-08 0.311664955246241 5.76301144674253e-08 FALSE
rs27712 5 96389819 1.23e-08 0.267822818023116 1.43666437564588e-08 FALSE
rs27747 5 96385668 2.89e-08 0.415833924611116 5.57853021182031e-08 FALSE
rs2797412 1 114104489 5.14e-11 1.98886458102417e-43 4.97687628248669e-11 FALSE
rs27993 5 96381359 8.3e-09 0.289184424468709 9.38675119499544e-09 FALSE
rs2847260 18 12765591 2.22e-12 1.3011425044311e-12 2.21677779529214e-12 FALSE
rs2847266 18 12763338 3.93e-11 8.07533403530883e-11 3.79230977572978e-11 FALSE
rs2847278 18 12768715 2.35e-12 7.47415887186842e-13 2.3461254869612e-12 FALSE
rs2847280 18 12769342 3.3e-12 4.26890876504878e-13 3.28983324501185e-12 FALSE
rs2847281 18 12811593 5.3e-09 1.4194270997381e-12 3.34847227577534e-09 FALSE
rs2847293 18 12772448 1.44e-12 1.3011425044311e-12 1.4394000549247e-12 FALSE
rs2852151 18 12831176 7e-09 3.46795995397419e-13 4.08955985425675e-09 FALSE
rs2859491 5 96275404 4.48e-08 0.210342641208489 5.90692299495355e-08 FALSE
rs2910686 5 96278345 2.08e-08 0.177343550652352 2.19997657897919e-08 FALSE
rs2910789 5 96302151 1.28e-08 0.247571494560407 1.45673552903466e-08 FALSE
rs2910792 5 96302142 1.16e-08 0.247571494560407 1.30579199758371e-08 FALSE
rs3024886 2 191608694 2e-09 0.0169428735312685 1.71298552683588e-09 FALSE
rs3118469 10 6141135 2.04e-08 1.03442043861223e-14 9.00769508190453e-09 FALSE
rs3118471 10 6142763 2.96e-08 1.03442043861223e-14 1.13704484571161e-08 FALSE
rs3184504 12 110368991 2.6e-09 1.34607588630974e-37 2.00481962336744e-09 FALSE
rs34153303 18 12845864 4.04e-08 1.90952291479264e-11 1.24735593893695e-08 FALSE
rs34799913 18 12853840 3.87e-08 1.51264434859794e-11 1.21474311042203e-08 FALSE
rs34846641 18 12865975 9.69e-12 1.71307079288596e-12 9.57682714008375e-12 FALSE
rs34920518 18 12773086 3.89e-12 1.71307079288596e-12 3.87460269818761e-12 FALSE
rs3761936 1 114251185 3.91e-15 5.39734556679265e-53 3.91595721923281e-15 FALSE
rs3789598 1 114120250 2.82e-08 3.76197717367469e-27 8.00445254703161e-09 FALSE
rs3797796 5 96342514 3.54e-08 0.193326353256855 4.28664149132603e-08 FALSE
rs38029 5 96378979 2.78e-08 0.267822818023116 3.94760171489136e-08 FALSE
rs38031 5 96381204 9.1e-09 0.289184424468709 1.04123489460027e-08 FALSE
rs38033 5 96347892 1.23e-08 0.247571494560407 1.387347245208e-08 FALSE
rs38034 5 96348175 1.35e-08 0.24214149435793 1.53649856007434e-08 FALSE
rs38035 5 96349036 4.73e-08 0.359992726920187 9.38233521494917e-08 FALSE
rs38043 5 96362547 1.85e-08 0.210342641208489 2.08562252620926e-08 FALSE
rs3821236 2 191611003 1.7e-09 0.00968323110214482 1.46239393674729e-09 FALSE
rs3826557 18 12833263 5.5e-09 1.4194270997381e-12 3.44125368559928e-09 FALSE
rs3909451 5 96320877 1.67e-08 0.228417248442015 1.90399128392959e-08 FALSE
rs4145859 1 114113958 9.71e-11 2.06661844960337e-49 9.18305732553895e-11 FALSE
rs41525648 5 131855674 2.23e-08 0.00281705729551236 1.2415880099959e-08 FALSE
rs4360063 5 96318909 1.03e-08 0.247571494560407 1.13159405998478e-08 FALSE
rs4456089 1 113886067 2e-10 7.20384328608373e-37 1.82169450462073e-10 FALSE
rs45450798 18 12782940 1.11e-11 9.86856271660786e-13 1.09491041732784e-11 FALSE
rs4572894 4 123692236 6e-10 0.0976408413534896 5.71698673485409e-10 FALSE
rs4705862 5 131841118 1.02e-08 0.00520098412714324 6.76666940167517e-09 FALSE
rs4766578 12 110388754 2.17e-08 1.08575416313826e-34 9.41024884256347e-09 FALSE
rs478582 18 12825976 3.13e-08 9.44095692444451e-10 1.09282837753069e-08 FALSE
rs4797709 18 12872359 1.22e-08 2.83264166060135e-12 5.98539750847827e-09 FALSE
rs4821116 22 20303319 1.02e-08 0.00766367891116696 6.71964570776096e-09 FALSE
rs4821124 22 20309289 1.4e-08 0.0068029815512268 8.71814706137994e-09 FALSE
rs4833823 4 123537992 2e-10 0.0608825628619336 1.94706008207157e-10 FALSE
rs4833830 4 123642013 3e-10 0.0742631098870975 2.89959269394358e-10 FALSE
rs4833833 4 123682070 4e-10 0.106785678757662 3.86847924655244e-10 FALSE
rs4839335 1 114035394 9.11e-11 6.65025169099183e-43 8.6507898352516e-11 FALSE
rs484020 18 12845440 3.79e-11 1.71307079288596e-12 3.65699636888212e-11 FALSE
rs487273 18 12843458 1.21e-11 3.21930995453275e-13 1.19189747035625e-11 FALSE
rs4902647 14 68323944 3.98e-08 0.00603016060039891 2.09341180498534e-08 FALSE
rs514000 18 12844072 3.97e-11 1.71307079288596e-12 3.83001743976873e-11 FALSE
rs515151 18 12850934 1.7e-11 5.6526229319217e-13 1.66358781563735e-11 FALSE
rs534911 18 12847335 4.26e-11 1.71307079288596e-12 4.10463509382288e-11 FALSE
rs547268 18 12813056 4.43e-11 7.47415887186842e-13 4.26697636431522e-11 FALSE
rs5754217 22 20269675 3.27e-08 0.0121642837020905 1.81381957400145e-08 FALSE
rs579052 18 12848610 1.47e-11 9.86856271660786e-13 1.44295577087951e-11 FALSE
rs592390 18 12812314 1.52e-08 5.13438500406693e-10 6.97524317741715e-09 FALSE
rs5998619 22 20275851 4.91e-08 0.00968323110214482 2.51962111031713e-08 FALSE
rs5998672 22 20296442 4.11e-08 0.0121642837020905 2.20212494640087e-08 FALSE
rs61817589 1 114102858 2e-10 1.08104712996113e-49 1.81565257132611e-10 FALSE
rs61839660 10 6134703 3.4e-09 3.48345823722792e-33 2.48115048418023e-09 FALSE
rs62626322 10 6155645 3.6e-08 4.21985274588547e-24 1.26558941296053e-08 FALSE
rs653178 12 110492139 3.1e-09 1.34607588630974e-37 2.32045394224048e-09 FALSE
rs6534344 4 123341890 1.9e-09 0.00684013593493984 1.55314032533764e-09 FALSE
rs6556942 5 96251952 3.77e-08 0.228417248442015 5.11360391845764e-08 FALSE
rs657555 18 12837136 2.08e-11 9.86856271660786e-13 2.02530974845721e-11 FALSE
rs66570627 4 123395350 1e-09 0.00684013593493984 8.79387736127068e-10 FALSE
rs6665194 1 114219366 8.5e-09 5.02877601578328e-26 3.91554051288265e-09 FALSE
rs6679677 1 114105331 3.19e-25 4.06278630620498e-103 3.19213032086593e-25 FALSE
rs674222 18 12838349 4.8e-09 3.98792010753584e-12 3.11129000879157e-09 FALSE
rs6749371 2 191610429 1.93e-08 0.000336775838436516 1.02252160468514e-08 FALSE
rs6814718 4 123642766 2e-10 0.0505143802101349 1.94372412369486e-10 FALSE
rs6819058 4 123334072 1.2e-09 0.00684013593493984 1.0368715257672e-09 FALSE
rs6819371 4 123770482 4.1e-08 0.384513571369674 7.70281426516613e-08 FALSE
rs6823186 4 123545419 1e-10 0.0551190201604881 9.84257411079757e-11 FALSE
rs6835457 4 123730576 2.23e-08 0.384513571369674 3.68445748526999e-08 FALSE
rs6849238 4 123622220 1e-10 0.0739102718099587 9.8583770638546e-11 FALSE
rs6851362 4 123482896 1.2e-09 0.00409225696792275 1.03181493903234e-09 FALSE
rs6859219 5 55474337 1e-10 0.0232958375786205 9.82271831714525e-11 FALSE
rs6871162 5 96307418 1.56e-08 0.210342641208489 1.7122463444616e-08 FALSE
rs6887500 5 96303477 1.54e-08 0.210342641208489 1.68880659685659e-08 FALSE
rs706779 10 6138830 1e-09 2.42430731337975e-13 8.71986637975176e-10 FALSE
rs7069750 10 90752356 2.93e-08 0.662913104166159 7.34942695502629e-08 TRUE
rs71353227 18 12862424 3.28e-08 2.40781748572757e-11 1.10451984431436e-08 FALSE
rs71624119 5 55476487 4.39e-11 0.00156572206238019 4.32131073208319e-11 FALSE
rs71654350 5 96304704 1.47e-08 0.281517612165104 1.82650095358125e-08 FALSE
rs716848 5 96290756 3.87e-08 0.210342641208489 5.02705094831776e-08 FALSE
rs7226608 18 12735889 3.26e-08 2.19359134898217e-06 1.23342066899913e-08 FALSE
rs7229751 18 12741402 2.1e-09 2.39986050971977e-07 1.62053022925027e-09 FALSE
rs7234029 18 12867060 1.44e-11 1.3011425044311e-12 1.41408331516062e-11 FALSE
rs7235964 18 12751249 4.5e-09 4.03548291323137e-07 3.02130616380763e-09 FALSE
rs7241016 18 12870206 2.92e-11 1.3011425044311e-12 2.82761797214796e-11 FALSE
rs73166630 22 20275978 1.4e-08 0.00766367891116696 8.71403397775019e-09 FALSE
rs738129 22 20301041 4.46e-08 0.0121642837020905 2.3710932077727e-08 FALSE
rs7523862 1 114244942 1.5e-09 9.05644925265134e-29 1.07829065422576e-09 FALSE
rs7524200 1 114228347 1.7e-09 5.26925328130432e-29 1.1957774262831e-09 FALSE
rs7529353 1 114221985 4.66e-13 1.08104712996113e-49 4.6597086678472e-13 FALSE
rs755390 18 12753706 1.9e-09 2.85674900126162e-07 1.48813579397321e-09 FALSE
rs7556622 1 114057902 4.32e-08 2.22437395928411e-27 1.02501798868755e-08 FALSE
rs7574865 2 191672878 3.94e-13 0.0020769534905167 3.94337032603049e-13 FALSE
rs7662182 4 123717881 3e-10 0.106785678757662 2.91736873363235e-10 FALSE
rs7677139 4 123413724 1.1e-09 0.00530763081361777 9.56459777128532e-10 FALSE
rs7684187 4 123560609 3e-10 0.0551190201604881 2.88890081190006e-10 FALSE
rs7687716 4 123330406 6e-10 0.0077465696976894 5.49862786992571e-10 FALSE
rs7703341 5 96315986 1.68e-08 0.228417248442015 1.91848545304718e-08 FALSE
rs7716222 5 96318762 1.55e-08 0.228417248442015 1.75963667222901e-08 FALSE
rs7719705 5 96312042 9.5e-09 0.306274472358857 1.11821639416088e-08 FALSE
rs7731592 5 96314716 1.38e-08 0.210342641208489 1.49876711285648e-08 FALSE
rs7733312 5 96311577 8.8e-09 0.289184424468709 1.00347663020378e-08 FALSE
rs7736466 5 96315467 4.96e-08 0.359992726920187 9.90283323411141e-08 FALSE
rs7909519 10 6129847 8e-10 1.84810138716398e-28 7.1102065709869e-10 FALSE
rs80191532 18 12742868 2.9e-09 2.85674900126162e-07 2.12467942072355e-09 FALSE
rs80218678 1 113938539 7.44e-11 7.66650388516917e-38 7.12267334257012e-11 FALSE
rs8087237 18 12824359 2.14e-08 9.44095692444451e-10 8.66038073334721e-09 FALSE
rs8179673 2 191677586 1.55e-13 0.0023863349330363 1.55221291096904e-13 FALSE
rs878825 22 20312249 2.06e-08 0.0151930563813995 1.25696714423879e-08 FALSE
rs888270 18 12764894 3.15e-12 9.86856271660786e-13 3.14101965922094e-12 FALSE
rs907715 4 123754503 4.4e-09 0.436526506684924 5.62284704857852e-09 FALSE
rs9314181 5 96346342 1.2e-08 0.247571494560407 1.3509564139348e-08 FALSE
rs9621715 22 20272007 1.18e-08 0.0068029815512268 7.5801139853245e-09 FALSE
rs9979383 21 35637631 1.06e-08 0.629963380156472 2.01294345936485e-08 FALSE
